Inn-Alz	48.270512,12.81837	59
	48.269255,12.811675	
	48.268169,12.809443	
	48.265312,12.807641	
	48.261598,12.808757	
	48.257484,12.808242	
	48.255998,12.809272	
	48.253141,12.814422	
	48.251026,12.815709	
	48.247026,12.814851	
	48.243939,12.815709	
	48.24171,12.813821	
	48.240109,12.807984	
	48.238909,12.805839	
	48.234221,12.804208	
	48.230676,12.806182	
	48.229304,12.805667	
	48.225702,12.802663	
	48.223758,12.802491	
	48.221585,12.803521	
	48.21964,12.803092	
	48.21701,12.80026	
	48.21558,12.795453	
	48.21558,12.791505	
	48.214665,12.788243	
	48.212263,12.785239	
	48.210089,12.784553	
	48.20906,12.784553	
	48.206772,12.786012	
	48.204998,12.785754	
	48.202767,12.783179	
	48.201166,12.77863	
	48.19985,12.777257	
	48.197104,12.776914	
	48.191954,12.771077	
	48.190123,12.765927	
	48.184859,12.762237	
	48.183428,12.758632	
	48.182055,12.75434	
	48.179079,12.751594	
	48.177991,12.747731	
	48.17885,12.741637	
	48.178678,12.739749	
	48.176274,12.736745	
	48.1745,12.732968	
	48.168547,12.724643	
	48.168089,12.721639	
	48.165742,12.718463	
	48.165398,12.715116	
	48.166372,12.710567	
	48.164883,12.706361	
	48.160933,12.703099	
	48.160532,12.699838	
	48.161276,12.694173	
	48.159902,12.691684	
	48.15744,12.686362	
	48.157956,12.680783	
	48.156467,12.677264	
	48.154234,12.675633	
	48.153146,12.671771	
	48.154291,12.664218	
	48.151428,12.652888	
	48.151428,12.652888	
	48.147305,12.644305	
	48.145243,12.640271	
	48.145186,12.635722	
	48.141177,12.629972	
	48.141234,12.622075	
	48.140604,12.620702	
	48.136079,12.615638	
	48.13585,12.606711	
	48.135277,12.604051	
	48.132299,12.599502	
	48.130867,12.592549	
	48.129606,12.588601	
	48.129263,12.582679	
	48.127028,12.579074	
	48.118606,12.578044	
	48.115913,12.575126	
	48.11236,12.576241	
	48.109896,12.575212	
	48.104795,12.574182	
	48.101413,12.571349	
	48.099636,12.569032	
	48.09528,12.568259	
	48.088228,12.573581	
	48.086336,12.575641	
	48.081921,12.576756	
	48.078022,12.580705	
	48.073893,12.577872	
	48.069476,12.583537	
	48.067584,12.58491	
	48.054447,12.581134	
	48.052497,12.576499	
	48.048595,12.571263	
	48.044464,12.567401	
	48.040332,12.566028	
	48.03752,12.561994	
	48.031896,12.564139	
	48.026443,12.553754	
	48.025295,12.550578	
	48.022195,12.551436	
	48.01565,12.543969	
	48.009276,12.543368	
	48.009965,12.537875	
Alz-Traun	48.008415,12.536159	60
Alz1	48.004381,12.531363	1
	48.003591,12.531831	
	48.003792,12.532947	
	48.001926,12.533162	
	48.001524,12.532132	
	48.001897,12.530715	
	48.000835,12.524621	
	47.998939,12.522855	
	47.995838,12.524056	
	47.994402,12.523456	
	47.993483,12.520108	
	47.993483,12.512383	
	47.991473,12.509551	
	47.990037,12.512298	
	47.989003,12.518992	
	47.987107,12.522082	
	47.98119,12.524915	
	47.978259,12.523112	
	47.975789,12.509809	
	47.977627,12.504659	
	47.976076,12.494016	
	47.973146,12.494617	
	47.972169,12.498393	
	47.972111,12.503457	
	47.965847,12.513499	
	47.963778,12.511353	
	47.960215,12.499938	
	47.967054,12.48981	
	47.967457,12.483544	
