Isar-Amper	48.500284,11.95664	62
	48.496844,11.948826	
	48.492322,11.946852	
	48.491582,11.944878	
	48.486861,11.933455	
	48.486406,11.930795	
	48.482253,11.928477	
	48.481627,11.926675	
	48.481741,11.923242	
	48.478953,11.918693	
	48.478042,11.918263	
	48.476563,11.920495	
	48.47514,11.920667	
	48.474401,11.919894	
	48.474856,11.914058	
	48.474344,11.911912	
	48.470873,11.911826	
	48.469564,11.909337	
	48.468198,11.909165	
	48.465808,11.913114	
	48.463474,11.910882	
	48.462279,11.911225	
	48.46023,11.913371	
	48.458466,11.913028	
	48.457441,11.910882	
	48.455961,11.908908	
	48.456701,11.905475	
	48.455961,11.902642	
	48.4571,11.897578	
	48.456587,11.894746	
	48.457213,11.893287	
	48.459149,11.892772	
	48.460799,11.888909	
	48.460629,11.88436	
	48.465011,11.877923	
	48.463417,11.874833	
	48.463247,11.870542	
Amper1	48.460686,11.864877	2
	48.459035,11.862388	
	48.456417,11.862645	
	48.45431,11.858869	
	48.456417,11.85183	
	48.455677,11.850286	
	48.452944,11.849771	
	48.452375,11.847796	
	48.453286,11.845307	
	48.45266,11.843162	
	48.451066,11.841788	
	48.450838,11.839213	
	48.449415,11.83681	
	48.450439,11.834321	
	48.449358,11.831746	
	48.448902,11.829686	
	48.447308,11.822906	
	48.448105,11.819472	
	48.446625,11.815782	
	48.447081,11.814151	
	48.449642,11.810803	
	48.449244,11.807027	
	48.446283,11.803079	
	48.444575,11.802306	
	48.442981,11.79956	
	48.439963,11.797843	
	48.439736,11.792779	
	48.440818,11.790805	
	48.444177,11.789088	
	48.444063,11.785741	
	48.445372,11.783595	
	48.445316,11.781363	
	48.447365,11.776128	
	48.445999,11.772437	
	48.446625,11.759906	
	48.449187,11.748405	
	48.452261,11.74686	
	48.456929,11.736045	
	48.454538,11.728749	
	48.455904,11.725917	
	48.451464,11.713815	
	48.453286,11.701884	
	48.456587,11.695104	
	48.456303,11.691155	
	48.452375,11.687722	
	48.44987,11.680684	
	48.450041,11.676564	
	48.449358,11.674848	
	48.450439,11.671243	
	48.450155,11.668582	
	48.451236,11.6606	
	48.443778,11.639743	
	48.444803,11.635451	
	48.442697,11.630988	
	48.441501,11.623349	
	48.441729,11.621203	
	48.440704,11.618114	
	48.440818,11.615453	
	48.438597,11.610732	
	48.437344,11.609359	
	48.4337,11.603608	
	48.429998,11.605289	
	48.417495,11.598809	
	48.416584,11.602671	
	48.414619,11.606104	
	48.407981,11.611254	
	48.403594,11.61237	
	48.402597,11.6131	
	48.402597,11.6131	
	48.39989,11.611383	
	48.398836,11.612155	
	48.394647,11.606834	
	48.393735,11.604173	
	48.392709,11.603444	
	48.390886,11.60074	
	48.389546,11.600654	
	48.389575,11.597908	
	48.384188,11.590312	
	48.383333,11.593308	
	48.38225,11.592622	
	48.38111,11.5873	
	48.367484,11.582494	
	48.366229,11.58052	
	48.363321,11.580777	
	48.358987,11.574254	
	48.360698,11.572452	
	48.360184,11.570477	
	48.358873,11.570649	
	48.358416,11.569619	
	48.356306,11.571078	
	48.355279,11.570306	
	48.354082,11.57125	
	48.353055,11.569791	
	48.351857,11.570563	
	48.347579,11.566172	
	48.327724,11.556144	
	48.326697,11.553998	
	48.3239,11.554513	
	48.321389,11.552453	
	48.31825,11.542239	
	48.318364,11.540179	
	48.316481,11.539664	
	48.315796,11.537862	
	48.312542,11.537004	
	48.31003,11.541467	
	48.307347,11.538463	
	48.308089,11.537604	
	48.305692,11.532283	
	48.303979,11.530738	
	48.304721,11.527905	
	48.305064,11.525245	
	48.307576,11.521296	
	48.306091,11.517262	
	48.307233,11.512628	
	48.304892,11.509624	
	48.299982,11.500354	
	48.299583,11.497436	
	48.296956,11.494002	
	48.296842,11.489797	
	48.295586,11.487823	
	48.290503,11.483188	
	48.285021,11.474261	
	48.28662,11.467996	
	48.285934,11.465764	
	48.28365,11.464391	
	48.278909,11.457095	
	48.278681,11.454263	
	48.270055,11.446452	
	48.268283,11.446967	
	48.266169,11.447911	
	48.262913,11.446624	
	48.255998,11.434865	
	48.25657,11.424737	
	48.254627,11.421647	
	48.252341,11.414781	
	48.252512,11.411948	
	48.250626,11.409373	
	48.250969,11.405339	
	48.249655,11.401134	
	48.247483,11.401906	
	48.245711,11.39873	
	48.245654,11.38577	
	48.244568,11.382766	
	48.241024,11.379676	
	48.241081,11.377959	
	48.239595,11.375298	
	48.239652,11.369462	
	48.236508,11.363883	
	48.236965,11.356244	
	48.229247,11.351438	
	48.229247,11.348519	
	48.222957,11.341567	
	48.22107,11.344056	
	48.21924,11.342168	
	48.219355,11.340451	
	48.218154,11.339679	
	48.217353,11.336589	
	48.216266,11.336074	
	48.215466,11.333585	
	48.216209,11.331954	
	48.216323,11.326976	
	48.208831,11.322169	
	48.208888,11.31865	
	48.206829,11.318135	
	48.204255,11.314702	
	48.20374,11.312985	
	48.202996,11.312814	
	48.201738,11.314702	
	48.200193,11.314788	
	48.198649,11.309896	
	48.194644,11.303887	
	48.194815,11.301742	
	48.192641,11.301742	
	48.188006,11.300282	
	48.185889,11.299081	
	48.182513,11.278224	
	48.180567,11.275821	
	48.181196,11.273503	
	48.179136,11.269212	
	48.179136,11.267066	
Amper2	48.177305,11.261573	3
	48.174586,11.246345	
	48.165112,11.240287	
	48.161563,11.23651	
	48.160818,11.234193	
	48.15578,11.233163	
	48.153719,11.2184	
	48.149252,11.217799	
	48.147305,11.215224	
	48.147362,11.212735	
	48.142552,11.21222	
	48.140432,11.215911	
	48.136137,11.21531	
	48.135564,11.210246	
	48.138714,11.201921	
	48.138084,11.198916	
	48.133559,11.198316	
	48.12783,11.19205	
	48.127974,11.189096	
	48.126914,11.184719	
	48.124393,11.180978	
	48.125367,11.17291	
	48.120153,11.161666	
	48.122273,11.157793	
	48.122559,11.155229	
	48.119981,11.151366	
	48.120096,11.149821	
	48.11872,11.146989	
	48.115454,11.147332	
	48.103878,11.136174	
	48.101012,11.135659	
	48.099865,11.133084	
	48.097401,11.13523	
	48.095967,11.137805	
	48.093789,11.137033	
	48.088629,11.133943	
	48.083584,11.133342	
