	48.465979,13.798285	
	48.467458,13.781462	
	48.475539,13.77202	
	48.512966,13.72653	
	48.535931,13.662	
	48.549967,13.652129	
	48.554512,13.625779	
	48.569281,13.593764	
	48.559568,13.578486	
	48.591086,13.513255	
D1	48.582,13.504	4
	48.57638,13.496261	
D-Inn-Ilz	48.573796,13.476741	48
	48.575251,13.47517	
	48.574449,13.437123	
	48.575982,13.430772	
	48.57479,13.420815	
	48.595741,13.382277	
	48.611576,13.282614	
	48.607376,13.25738	
D-Vils_to_Danube	48.63305,13.192213	49
	48.606922,13.263044	
	48.659108,13.149405	
	48.662623,13.121252	
D2	48.67663,13.115173	5
	48.683821,13.112154	
	48.685578,13.105402	
	48.683934,13.091826	
	48.686711,13.085647	
	48.691414,13.087277	
	48.699685,13.096976	
	48.706029,13.097062	
	48.717696,13.080239	
	48.716564,13.066678	
	48.726982,13.050885	
	48.717413,13.033204	
	48.71713,13.020415	
	48.723982,13.013721	
	48.740003,13.036723	
	48.750926,13.034406	
	48.77237,13.009858	
	48.786226,13.005652	
D-Isar	48.803924,12.976813	50
	48.807372,12.971234	
	48.822406,12.965226	
	48.844441,12.907548	
	48.841786,12.869267	
	48.843367,12.85605	
	48.833312,12.839742	
	48.82461,12.82043	
	48.827266,12.790647	
	48.841842,12.764812	
	48.865675,12.76052	
D3	48.87975,12.747233	6
	48.88673,12.719064	
	48.904336,12.678123	
	48.908172,12.651601	
	48.905013,12.643189	
	48.908341,12.627482	
	48.89717,12.616067	
	48.902305,12.597184	
	48.898242,12.589459	
	48.899822,12.540278	
	48.932199,12.509379	
	48.940149,12.52234	
	48.946237,12.517962	
	48.948661,12.50174	
	48.957679,12.495646	
	48.960271,12.486548	
	48.952212,12.47685	
	48.954466,12.467923	
	48.964385,12.467065	
	48.968442,12.442517	
	48.981907,12.407842	
	48.978978,12.382092	
	48.971316,12.37308	
	48.974978,12.360721	
	48.975147,12.341666	
	48.983034,12.325959	
	48.995481,12.345014	
	49.012992,12.319765	
	49.010289,12.264833	
	49.019521,12.258139	
	49.028076,12.219343	
	49.018621,12.19943	
	49.0077,12.184668	
	49.009726,12.17833	
	49.015412,12.166657	
	49.016144,12.160134	
	49.021829,12.145371	
D4	49.02358,12.138709	7
	49.019353,12.114644	
D-Regen	49.020028,12.107527	51
	49.024137,12.081771	
	49.029652,12.073703	
	49.031397,12.062888	
D-Naab	49.016031,12.032161	52
	49.011303,12.028213	
	48.99137,12.045808	
	48.97464,12.034049	
	48.969175,12.021174	
	48.962751,11.994395	
	48.959088,11.989074	
	48.954128,11.987357	
	48.95131,11.989331	
	48.949901,11.998601	
	48.950634,12.005639	
D5	48.947364,12.015338	8
	48.940571,12.036116	
	48.937612,12.038133	
	48.926616,12.015774	
	48.931494,11.997321	
	48.922471,11.974189	
	48.911444,11.970105	
	48.905916,11.963325	
	48.905069,11.94942	
	48.911275,11.932425	
	48.910259,11.906419	
	48.908003,11.890025	
	48.91009,11.879382	
D6	48.91607,11.864104	9
	48.91607,11.856894	
	48.913813,11.85389	
	48.908398,11.852088	
	48.898807,11.834664	
	48.89796,11.832862	
	48.898637,11.829944	
	48.897396,11.82591	
	48.900104,11.819901	
	48.898525,11.817327	
	48.892995,11.821876	
	48.889552,11.818957	
	48.888819,11.813378	
	48.89181,11.795182	
	48.884642,11.786084	
	48.868611,11.782994	
	48.855115,11.766772	
	48.850258,11.764369	
	48.837549,11.759391	
	48.826701,11.756215	
	48.822576,11.752954	
	48.789676,11.682916	
	48.785265,11.660085	
	48.782098,11.652446	
	48.775763,11.644635	
	48.772992,11.630473	
	48.774123,11.611419	
	48.777573,11.600947	
	48.759188,11.53872	
	48.757886,11.517177	
	48.764393,11.436925	
D7	48.758396,11.425767	10
	48.749964,11.411948	
	48.739267,11.364913	
	48.736946,11.338906	
	48.750021,11.273847	
	48.751266,11.254449	
	48.741078,11.212907	
	48.743455,11.200376	
	48.743286,11.189647	
	48.73972,11.184926	
	48.738191,11.173768	
	48.739324,11.164155	
	48.733946,11.145358	
	48.738531,11.123042	
	48.730209,11.095405	
	48.730096,11.084247	
	48.732417,11.078153	
	48.738701,11.073346	
	48.73921,11.066308	
	48.734455,11.045623	
	48.735361,11.02056	
	48.73655,10.991035	
	48.73004,10.965886	
	48.734625,10.945287	
D-Lech	48.735361,10.936446	53
	48.735588,10.917993	
	48.739324,10.907865	
	48.739607,10.900741	
	48.737569,10.89499	
	48.728228,10.886407	
	48.726586,10.881	
	48.728228,10.86246	
	48.726926,10.857568	
	48.71764,10.847011	
	48.715827,10.840917	
	48.714921,10.810189	
D8	48.711127,10.802808	11
	48.709598,10.796421	
	48.710079,10.794361	
	48.713137,10.791571	
D-Wornitz	48.715573,10.783503	54
	48.714185,10.779462	
	48.700988,10.771651	
	48.696173,10.762639	
	48.695266,10.75706	
	48.69045,10.752769	
	48.689884,10.74616	
	48.679797,10.715089	
	48.67226,10.704274	
	48.668178,10.703244	
	48.662453,10.706248	
	48.657918,10.706592	
	48.654516,10.705047	
	48.651681,10.70024	
	48.644706,10.674834	
	48.641246,10.665307	
	48.615775,10.626683	
	48.596535,10.560164	
	48.592619,10.550208	
	48.581434,10.536389	
D9	48.568202,10.501628	12
	48.564567,10.458627	
	48.565362,10.454679	
	48.57019,10.445495	
	48.563715,10.430732	
	48.562068,10.428071	
	48.558205,10.41245	
	48.544626,10.396571	
	48.521096,10.387044	
D-Mindel	48.508019,10.387044	55
	48.495109,10.375528	
	48.486121,10.339994	
	48.484414,10.33433	
	48.47349,10.318022	
	48.465865,10.295191	
	48.46544,10.285001	
	48.465068,10.280442	
	48.462621,10.275464	
	48.459376,10.268598	
	48.459149,10.264564	
	48.461539,10.25744	
	48.460173,10.241303	
	48.451407,10.215554	
	48.443949,10.196414	
	48.439565,10.180707	
	48.44002,10.174956	
	48.444518,10.154786	
	48.444689,10.147905	
	48.43239,10.050917	
	48.427834,10.034795	
	48.418264,10.017114	
	48.406642,10.016427	
	48.401001,10.009732	
	48.393707,9.989476	
	48.389945,9.986558	
D11	48.389261,9.986247	13
	48.387466,9.98502	
	48.386582,9.983861	
D-Iller	48.381537,9.973218	56
	48.379628,9.967682	
	48.376977,9.964507	
	48.375038,9.963305	
	48.364376,9.965365	
	48.362123,9.964671	
	48.360127,9.959521	
	48.349462,9.944501	
	48.32567,9.924588	
	48.315054,9.914618	66
	48.31317,9.901328	
	48.315225,9.879613	
	48.302038,9.861245	
	48.282907,9.810691	
	48.285078,9.800649	
	48.283022,9.789577	
	48.281708,9.775414	
	48.277938,9.770608	
	48.277024,9.766488	
	48.277367,9.760652	
	48.274054,9.741511	
	48.269655,9.732327	
	48.261998,9.72795	
	48.260513,9.722629	
	48.259313,9.720397	
	48.251084,9.714389	
