D-Iller	48.381537,9.973218	56
	48.377575,9.970751	
	48.372558,9.973497	
	48.370848,9.981222	
	48.370734,9.986887	
	48.37062,9.989119	
	48.362522,10.000792	
	48.357048,9.997015	
	48.353397,9.996843	
	48.350888,9.998217	
	48.343244,10.008001	
	48.31825,10.030489	
	48.311743,10.032892	
	48.299982,10.045767	
	48.293473,10.050402	
	48.289589,10.057268	
	48.28582,10.063276	
	48.282051,10.065336	
	48.267998,10.063105	
	48.258056,10.070486	
	48.255656,10.071173	
	48.240795,10.065165	
	48.23565,10.066195	
	48.225473,10.079241	
	48.221013,10.081472	
	48.212549,10.081301	
	48.203969,10.083704	
	48.192527,10.084906	
	48.129778,10.111513	
	48.124851,10.116663	
	48.111099,10.138464	
	48.105826,10.140696	
	48.055595,10.141382	
	48.034478,10.134344	
	48.023687,10.136404	
	48.016683,10.134516	
	48.009104,10.125589	
	47.978432,10.11426	
	47.975904,10.110826	
	47.971652,10.091772	
	47.964526,10.085764	
	47.955329,10.085077	
	47.946706,10.090914	
	47.939922,10.106192	
	47.935092,10.11117	
	47.923705,10.104818	
	47.918988,10.108595	
	47.900923,10.120268	
	47.897931,10.123358	
	47.897816,10.125933	
	47.900463,10.131598	
	47.891485,10.146189	
	47.886881,10.147905	
	47.888838,10.15254	
	47.88619,10.15666	
	47.879398,10.154772	
	47.873295,10.166616	
	47.874217,10.175886	
	47.87272,10.175371	
	47.872605,10.172453	
	47.870302,10.17211	
	47.86938,10.173655	
	47.868574,10.191336	
	47.859015,10.179834	
	47.857288,10.174513	
	47.849685,10.177088	
	47.852795,10.184126	
	47.832172,10.200949	
	47.830328,10.205755	
	47.826986,10.20215	
	47.824912,10.202837	
	47.829867,10.221376	
	47.819379,10.223608	
	47.816613,10.229101	
	47.807736,10.232706	
	47.8135,10.242834	
	47.80543,10.254679	
	47.797589,10.25382	
	47.793669,10.255537	
	47.793092,10.257082	
	47.799665,10.262232	
	47.797935,10.277681	
	47.799319,10.284204	
	47.786518,10.291586	
	47.78029,10.288153	
	47.767253,10.293646	
	47.764715,10.30961	
	47.76183,10.310812	
	47.758945,10.299654	
	47.755021,10.299654	
	47.751213,10.305319	
	47.751674,10.311499	
	47.748327,10.31579	
	47.74648,10.315275	
	47.744749,10.308409	
	47.741978,10.308065	
	47.735456,10.320096	
	47.733666,10.320354	
	47.732 ,10.317	
Iller1	47.73045,10.316737	14
	47.723852,10.323615	
	47.715537,10.321813	
	47.701618,10.320439	
	47.696419,10.317264	
	47.69145,10.320268	
	47.690064,10.32413	
	47.685846,10.319667	
	47.673595,10.320697	
	47.669491,10.323014	
	47.667584,10.321641	
	47.658393,10.31014	
	47.654924,10.313058	
	47.652033,10.312457	
	47.649402,10.313923	
	47.646309,10.312371	
	47.642897,10.314088	
	47.635494,10.294433	
	47.633007,10.295291	
	47.630983,10.294175	
	47.629016,10.287309	
	47.619066,10.284476	
	47.616,10.283961	
	47.615768,10.286107	
	47.618603,10.292716	
	47.619703,10.294433	
	47.615884,10.297093	
	47.614669,10.295033	
	47.611255,10.295205	
	47.607031,10.285935	
	47.608825,10.284047	
	47.607205,10.280356	
	47.607436,10.278039	
	47.604832,10.270228	
	47.599045,10.267138	
	47.58191,10.249543	
	47.579826,10.246882	
	47.575599,10.248771	
	47.573399,10.247312	
	47.568593,10.233922	
	47.566855,10.233064	
	47.563902,10.234144	
	47.558399,10.231311	
	47.551796,10.238814	
	47.553997,10.245166	
	47.553186,10.251946	
	47.55029,10.254951	
	47.549015,10.260065	
	47.544236,10.266416	
Iller2	47.540788,10.266502	15
	47.537717,10.265086	
	47.535805,10.262074	
	47.532792,10.261559	
	47.529807,10.260236	
	47.526533,10.262339	
	47.523548,10.25985	
	47.515201,10.264785	
	47.514099,10.267103	
	47.507171,10.270836	
	47.503867,10.274999	
	47.501083,10.273154	
	47.49801,10.274913	
	47.496154,10.273368	
	47.49398,10.268519	
	47.483482,10.267832	
	47.477188,10.270364	
