D-Ilz	48.573796,13.476741	48
	48.575585,13.475265	
	48.577246,13.473677	
	48.579333,13.475715	
	48.580923,13.475973	
	48.582357,13.473634	
	48.585025,13.464407	
	48.58565,13.463506	
	48.591483,13.463184	
	48.592221,13.46372	
	48.593215,13.464192	
	48.594903,13.462841	
	48.597061,13.462883	
	48.597869,13.461124	
	48.5976,13.458013	
	48.596067,13.457262	
	48.595244,13.457648	
	48.59364,13.459515	
	48.5911,13.461102	
	48.590177,13.460824	
	48.589879,13.456661	
	48.591398,13.451725	
	48.593158,13.450502	
	48.594705,13.450974	
	48.596408,13.453056	
	48.597869,13.454966	
	48.597103,13.455062	
	48.602439,13.45283	
	48.60539,13.445621	
	48.618953,13.436866	
	48.630469,13.439441	
	48.63427,13.436694	
	48.636652,13.439012	
	48.639205,13.438239	
	48.6417,13.440557	
	48.647031,13.437037	
	48.649016,13.438325	
	48.651567,13.445277	
	48.656727,13.441243	
	48.666818,13.434806	
	48.666761,13.430772	
	48.670559,13.432403	
	48.672656,13.436093	
	48.676737,13.435836	
	48.678097,13.439355	
	48.680874,13.440814	
	48.682744,13.440213	
	48.686371,13.449054	
	48.688014,13.4512	
Ilz1	48.68886,13.451869	16
	48.700252,13.453088	
	48.704047,13.455405	
	48.706539,13.45283	
	48.709541,13.451543	
	48.71141,13.454375	
	48.714298,13.454289	
	48.718262,13.454375	
	48.719508,13.451507	
	48.720018,13.447001	
	48.721603,13.44713	
	48.723727,13.444254	
	48.725284,13.443654	
	48.726246,13.441851	
	48.727775,13.441894	
	48.729275,13.442667	
	48.731568,13.439019	
	48.734257,13.436701	
	48.742069,13.431852	
	48.750445,13.427861	
