D-Inn	48.573796,13.476741	48
	48.572632,13.465533	
Inn1	48.562,13.443	17
	48.555705,13.436165	
	48.537977,13.449268	
	48.534567,13.450298	
	48.531157,13.446522	
	48.528201,13.445148	
	48.509099,13.456135	
	48.456758,13.426809	
	48.432845,13.439856	
	48.374953,13.41136	
	48.351344,13.36484	
	48.320761,13.325186	
	48.293244,13.253775	
	48.295643,13.183393	
	48.277595,13.121595	
	48.277938,13.084173	
	48.275196,13.074045	
	48.266284,13.056707	
	48.255884,13.016882	
	48.218154,12.971392	
	48.207287,12.949076	
Inn-Salzach	48.208087,12.928476	57
	48.233249,12.900496	
	48.237937,12.887964	
	48.248112,12.877836	
	48.244797,12.856379	
	48.24914,12.841616	
	48.268226,12.824278	
Inn-Alz	48.270512,12.81837	59
	48.270283,12.80694	
	48.260913,12.789774	
	48.259541,12.770891	
	48.252455,12.74806	
	48.25497,12.729349	
	48.259199,12.710123	
	48.251084,12.693472	
	48.250969,12.655878	
	48.248683,12.645063	
	48.250626,12.624464	
	48.238966,12.60335	
	48.243882,12.580862	
	48.24251,12.566271	
	48.237594,12.559061	
	48.240681,12.53211	
	48.23828,12.528334	
	48.234164,12.528162	
	48.233707,12.524729	
	48.242624,12.515287	
	48.236336,12.502241	
	48.240681,12.474089	
	48.237251,12.468081	
	48.229361,12.469282	
	48.221127,12.475634	
	48.21415,12.490053	
	48.211176,12.488852	
	48.20946,12.480612	
	48.210947,12.468424	
	48.208545,12.463274	
	48.194129,12.460527	
	48.206257,12.435637	
	48.20374,12.431345	
	48.18978,12.43392	
	48.18772,12.428598	
	48.191153,12.409201	
	48.186919,12.402849	
	48.181998,12.400103	
	48.175244,12.400961	
	48.16952,12.392378	
	48.169291,12.384996	
	48.17925,12.381735	
	48.178335,12.370749	
	48.17055,12.350149	
	48.176045,12.342939	
	48.17055,12.327147	
	48.161505,12.339678	
	48.157956,12.338648	
	48.161505,12.320623	
	48.158757,12.315989	
	48.148909,12.302427	
	48.155894,12.288523	
	48.153261,12.28097	
	48.144212,12.282	
	48.138027,12.271872	
	48.137798,12.253847	
	48.133444,12.252817	
	48.112474,12.273417	
	48.10766,12.266378	
	48.112818,12.253332	
	48.10789,12.240114	
	48.09356,12.237196	
	48.088859,12.220545	
	48.077735,12.22219	
	48.070681,12.215238	
	48.063282,12.221589	
	48.065519,12.235579	
	48.062536,12.237897	
Inn2	48.059,12.233	18
	48.05984,12.222018	
	48.041939,12.199359	
	48.027074,12.192235	
	48.020932,12.177987	
	47.998825,12.170262	
	47.990668,12.155499	
	47.983085,12.150693	
	47.977972,12.151208	
	47.964353,12.157731	
	47.943084,12.154727	
	47.934402,12.14623	
Inn-Mangfall	47.860973,12.135916	61
	47.847381,12.15188	
	47.841275,12.153597	
	47.814423,12.130938	
	47.808658,12.127161	
	47.797474,12.128019	
	47.790324,12.123556	
	47.780405,12.126303	
	47.767484,12.133169	
	47.741863,12.135057	
	47.715999,12.150335	
	47.70491,12.161493	
	47.681108,12.167673	
	47.668162,12.181921	
	47.660647,12.184324	
Inn3	47.644343,12.197199	19
	47.622711,12.203379	
	47.613223,12.208357	
	47.606857,12.203207	
	47.604658,12.184496	
	47.591578,12.165785	
	47.580579,12.166815	
	47.575483,12.149305	
	47.561585,12.140036	
	47.553012,12.124414	
	47.539687,12.112741	
