D-Isar	48.804376,12.974796	50
	48.802341,12.967443	
	48.793973,12.964196	
	48.780854,12.947116	
	48.779327,12.941279	
	48.780854,12.93613	
	48.78289,12.931409	
	48.784191,12.915959	
	48.780119,12.907119	
	48.778761,12.898021	
	48.774802,12.892613	
IS1	48.771,12.883483	20
	48.765864,12.874074	
	48.747021,12.858624	
	48.743059,12.851844	
	48.733833,12.850642	
	48.729021,12.84575	
	48.720811,12.845664	
	48.710504,12.834678	
	48.70535,12.818627	
	48.7045,12.811332	
	48.7045,12.811332	
	48.694303,12.798972	
	48.695323,12.781205	
	48.690564,12.774854	
	48.688127,12.745585	
	48.679741,12.718291	
	48.679656,12.708346	
	48.67743,12.69449	
	48.674753,12.675619	
	48.667498,12.660098	
	48.659675,12.608857	
	48.650944,12.592893	
	48.649186,12.562337	
	48.644479,12.55444	
	48.644082,12.535987	
	48.636142,12.526202	
	48.624002,12.432733	
	48.620541,12.358904	
	48.609533,12.33264	
	48.595627,12.269583	
	48.593413,12.247424	
	48.559625,12.182021	
	48.549228,12.177815	
	48.529963,12.141252	
Is2	48.52753,12.13316	21
	48.516889,12.088981	
	48.507905,12.07087	
	48.506313,12.065463	
	48.506654,12.037225	
	48.502104,12.028556	
	48.498521,12.013879	
	48.495848,11.98401	
	48.503014,11.973367	
Isar-Amper	48.500135,11.956621	62
	48.498294,11.953025	
	48.493687,11.951308	
	48.485951,11.954226	
	48.481741,11.953282	
	48.477075,11.956201	
	48.473092,11.954999	
	48.465296,11.946073	
	48.460344,11.947274	
	48.456986,11.948733	
	48.455506,11.948047	
	48.451806,11.942897	
	48.447365,11.942124	
	48.447365,11.942124	
	48.443038,11.930537	
	48.438711,11.923757	
	48.438711,11.923757	
	48.432162,11.913285	
	48.432162,11.913285	
	48.432162,11.913285	
	48.427834,11.89672	
	48.426695,11.887536	
	48.418435,11.878352	
	48.417467,11.875176	
	48.417923,11.857924	
	48.406244,11.829257	
	48.405389,11.804023	
	48.402312,11.786685	
	48.405902,11.77175	
	48.404477,11.76394	
	48.401058,11.759477	
	48.397582,11.750979	
	48.386696,11.743083	
	48.380597,11.738706	
	48.376606,11.735444	
	48.369194,11.733642	
	48.364917,11.725831	
	48.362465,11.724114	
	48.357162,11.726689	
	48.354082,11.725574	
	48.351629,11.719222	
	48.347693,11.717334	
	48.343643,11.712956	
	48.341076,11.712871	
	48.334571,11.714158	
	48.33246,11.712956	
	48.328751,11.707807	
	48.325327,11.705832	
	48.321446,11.699653	
	48.309859,11.699395	
	48.304379,11.701198	
	48.292102,11.698623	
	48.284849,11.692529	
	48.283536,11.691842	
	48.27491,11.691327	
	48.264913,11.680169	
	48.261484,11.679482	
	48.25497,11.683946	
	48.248912,11.682229	
	48.243996,11.675177	
	48.235879,11.672087	
	48.23302,11.668925	
	48.230734,11.663604	
	48.224101,11.661029	
	48.223129,11.659999	
	48.22067,11.652875	
	48.218668,11.651416	
	48.214379,11.651244	
	48.209117,11.64824	
	48.205227,11.640944	
	48.199335,11.639228	
Is3	48.14551,11.596925	22
	48.14742,11.596999	
	48.138542,11.592965	
	48.119351,11.562066	
	48.115855,11.559062	
	48.112016,11.559491	
	48.109494,11.560006	
	48.10703,11.557517	
	48.106858,11.552453	
	48.100725,11.549621	
	48.091955,11.549964	
	48.079914,11.541123	
	48.072574,11.541123	
	48.066322,11.542325	
	48.058521,11.538205	
	48.056914,11.528506	
	48.048366,11.52164	
	48.045267,11.516919	
	48.041422,11.516318	
	48.036889,11.509881	
	48.028681,11.507735	
	48.026098,11.497521	
	48.02185,11.496921	
	48.009563,11.481557	
	48.001179,11.478896	
	47.999686,11.478381	
	47.998595,11.479325	
	47.997733,11.481299	
	47.99601,11.480956	
	47.995264,11.478295	
	47.988141,11.47512	
	47.986015,11.472888	
	47.967629,11.475635	
	47.962859,11.471944	
	47.959583,11.465421	
	47.953145,11.461644	
	47.950846,11.455293	
	47.950386,11.446624	
	47.945614,11.442676	
	47.938427,11.434007	
	47.937723,11.43388	
	47.935264,11.436152	
	47.933309,11.434608	
	47.931929,11.436238	
Is-Loisach	47.931756,11.438041	63
	47.928536,11.439242	
Is4	47.91605,11.445763	23
	47.911107,11.44834	
	47.910762,11.450143	
	47.904491,11.450229	
	47.90357,11.451774	
	47.899715,11.451001	
	47.89114,11.463704	
	47.892061,11.468081	
	47.888147,11.478295	
	47.881643,11.476235	
	47.877959,11.478982	
	47.874562,11.483445	
	47.875886,11.487823	
	47.870302,11.494775	
	47.865695,11.499667	
	47.862989,11.509109	
	47.858036,11.512284	
	47.853314,11.51134	
	47.851989,11.512284	
	47.846517,11.520438	
	47.844616,11.520352	
	47.840353,11.511083	
	47.838971,11.510825	
	47.838049,11.512113	
	47.83851,11.515546	
	47.837991,11.516919	
	47.835226,11.518207	
	47.833036,11.528077	
	47.827908,11.528678	
	47.824105,11.53563	
	47.822088,11.536574	
	47.818976,11.534514	
	47.815057,11.539578	
	47.81252,11.539836	
	47.810215,11.543612	
	47.809811,11.550393	
	47.808197,11.552281	
	47.804623,11.551509	
	47.801164,11.547389	
	47.794764,11.545844	
	47.789748,11.542239	
	47.788306,11.542926	
	47.785826,11.549706	
	47.783692,11.550736	
	47.781731,11.548247	
	47.781155,11.541209	
Is5	47.77903,11.540023	24
	47.777752,11.539235	
	47.766676,11.541467	
	47.764253,11.545072	
	47.762003,11.554599	
	47.76033,11.557088	
	47.753175,11.556745	
	47.750289,11.561723	
	47.744807,11.564212	
	47.741748,11.565757	
	47.739958,11.56404	
	47.738169,11.561036	
	47.735918,11.560693	
	47.73384,11.562581	
	47.731761,11.566529	
	47.729221,11.566443	
	47.727547,11.562753	
	47.72518,11.56095	
	47.72287,11.563354	
	47.72056,11.564469	
	47.717789,11.562581	
	47.715421,11.559062	
	47.710859,11.561208	
	47.707913,11.561637	
	47.705661,11.560006	
	47.704332,11.558547	
	47.69093,11.564305	
	47.686106,11.57027	
	47.684257,11.571686	
Is7	47.684777,11.571391	25
	47.681729,11.571947	
	47.677929,11.570184	
	47.675618,11.570485	
	47.673046,11.572802	
	47.670185,11.573274	
	47.667179,11.578553	
	47.659925,11.583316	
	47.657092,11.587951	
	47.654866,11.588552	
	47.653016,11.587479	
	47.651455,11.58323	
	47.648419,11.585462	
	47.646771,11.585591	
	47.644169,11.584003	
	47.641711,11.585248	
	47.640352,11.59142	
	47.639658,11.592622	
	47.63561,11.590133	
	47.632718,11.592536	
	47.628958,11.588845	
	47.623579,11.589189	
	47.622248,11.591592	
	47.619298,11.590476	
	47.614958,11.582065	
	47.613917,11.581807	
	47.61247,11.583781	
	47.60842,11.582322	
	47.606742,11.578975	
	47.604543,11.578803	
	47.601996,11.570048	
	47.60136,11.562839	
	47.591231,11.547561	
