D-Lech	48.735135,10.936189	53
	48.720131,10.903745	
	48.715148,10.900226	
	48.686484,10.895247	
	48.681271,10.890956	
	48.655423,10.88469	
	48.649186,10.879455	
	48.618726,10.879197	
	48.610214,10.882716	
	48.606412,10.883059	
	48.57638,10.870099	
	48.537068,10.873346	
	48.507166,10.864248	
	48.482366,10.878325	
	48.434895,10.890169	
Lech1	48.408807,10.888109	26
Lech-Wertach	48.404648,10.888553	64
	48.381737,10.904088	
	48.370962,10.926318	
	48.357504,10.937047	
	48.348891,10.937905	
	48.343015,10.935416	
	48.340505,10.935416	
	48.329721,10.942197	
	48.326069,10.948291	
	48.321503,10.949492	
	48.316994,10.946488	
	48.311343,10.947261	
	48.309003,10.950952	
	48.305064,10.953355	
	48.300553,10.950093	
	48.298612,10.945373	
	48.294615,10.942712	
	48.287819,10.945029	
	48.283821,10.944171	
	48.277538,10.937047	
	48.270226,10.937991	
	48.266627,10.937133	
	48.25297,10.927949	
	48.248969,10.930781	
	48.239023,10.926232	
	48.227932,10.920739	
	48.225187,10.914903	
	48.21701,10.913444	
	48.214722,10.910954	
	48.212549,10.905719	
	48.195845,10.893102	
	48.19287,10.88675	
	48.184115,10.88469	
	48.180796,10.882545	
	48.167574,10.881343	
	48.164024,10.882373	
	48.148909,10.866666	
	48.132012,10.854821	
	48.128289,10.856366	
	48.125424,10.853705	
	48.117517,10.852847	
	48.114308,10.86246	
	48.098719,10.864863	
	48.091037,10.873446	
	48.082437,10.873876	
	48.077735,10.879025	
	48.07286,10.874476	
	48.056972,10.878682	
	48.051808,10.871644	
	48.05003,10.87173	
	48.046071,10.875936	
Lech2	48.041882,10.875506	27
	48.036315,10.872295	
	48.033417,10.872853	
	48.023228,10.883317	
	48.016626,10.876279	
	48.008587,10.877395	
	47.994862,10.86967	
	47.990898,10.879369	
	47.963261,10.880141	
	47.961077,10.867696	
	47.958261,10.865378	
	47.950846,10.876107	
	47.946419,10.880141	
	47.942567,10.878425	
	47.940497,10.868554	
	47.934402,10.879798	
	47.921059,10.897479	
	47.917665,10.899453	
	47.915076,10.912499	
	47.915134,10.919194	
	47.913293,10.919967	
	47.906217,10.910268	
	47.905411,10.922627	
	47.908173,10.931039	
	47.903915,10.931897	
	47.892003,10.921597	
	47.890507,10.916877	
	47.886651,10.918765	
	47.88383,10.929494	
	47.880837,10.931554	
	47.869956,10.918164	
	47.866444,10.917649	
	47.862701,10.9234	
	47.860685,10.930095	
	47.852911,10.924945	
	47.835687,10.926833	
	47.834073,10.929666	
	47.810964,10.911813	
	47.808428,10.899711	
	47.804681,10.895934	
	47.80151,10.903487	
	47.798051,10.900311	
	47.794937,10.886922	
	47.786807,10.888638	
	47.783923,10.863318	
	47.770195,10.860229	
	47.769964,10.85259	
	47.763849,10.850444	
	47.764138,10.845122	
	47.771234,10.837398	
	47.771061,10.83508	
	47.766503,10.834737	
	47.764138,10.836282	
	47.762234,10.836883	
	47.758137,10.843921	
	47.755771,10.844522	
	47.753867,10.843234	
	47.750809,10.832677	
	47.738688,10.823665	
	47.731126,10.828557	
	47.718251,10.828986	
	47.716345,10.825381	
	47.707682,10.816369	
	47.702657,10.799718	
	47.699942,10.798001	
Lech3	47.696707,10.799203	28
	47.694628,10.800233	
	47.691681,10.796456	
	47.686944,10.798259	
	47.677236,10.793452	
	47.672554,10.784526	
	47.659954,10.778861	
	47.653652,10.758948	
	47.654172,10.748134	
	47.57916,10.714753	
	47.568766,10.711792	
	47.565552,10.707843	
	47.56548,10.70058	
	47.566276,10.7023	
	47.565349,10.695434	
	47.563033,10.694318	
	47.561122,10.694747	
	47.55672,10.68316	
	47.555735,10.670028	
	47.550985,10.661874	
	47.548262,10.661016	
	47.524736,10.706162	
	47.52178,10.71157	
	47.488789,10.709767	
	47.456358,10.671229	
