Isar-Loisach	47.937679,11.433836	63
	47.935322,11.432641	
	47.933769,11.430581	
	47.93121,11.430023	
	47.928593,11.429079	
	47.921893,11.422599	
	47.91965,11.422985	
	47.918183,11.420711	
	47.913322,11.419294	
	47.911912,11.41938	
	47.908058,11.421912	
	47.906188,11.421097	
	47.905239,11.417363	
	47.904318,11.416462	
	47.902692,11.416551	
	47.90193,11.417088	
	47.900046,11.419341	
	47.898578,11.419898	
	47.8976,11.419641	
	47.896017,11.417431	
	47.89419,11.418053	
	47.892363,11.417474	
	47.890262,11.418182	
	47.88819,11.41344	
	47.887744,11.41329	
	47.886478,11.415006	
	47.883111,11.411809	
	47.882693,11.411938	
	47.88183,11.417366	
	47.87934,11.418043	
	47.877843,11.412979	
	47.87531,11.410747	
	47.872777,11.412722	
	47.870474,11.412464	
	47.869323,11.411434	
	47.868402,11.411863	
	47.865235,11.418644	
	47.863737,11.418129	
	47.861319,11.419159	
	47.854754,11.416069	
	47.853429,11.413923	
	47.852507,11.409632	
	47.851759,11.408773	
	47.849916,11.408087	
	47.849397,11.406542	
	47.850492,11.403881	
	47.849916,11.402336	
	47.848821,11.401735	
	47.846056,11.405941	
	47.844501,11.405855	
	47.841563,11.411863	
	47.836724,11.414867	
	47.834419,11.414953	
	47.829637,11.413494	
	47.8286,11.414524	
	47.829637,11.419931	
	47.827966,11.423622	
	47.822376,11.422249	
	47.82082,11.419846	
	47.818861,11.415039	
	47.814941,11.41358	
	47.81131,11.406113	
	47.805546,11.404997	
	47.804104,11.406542	
	47.801914,11.404053	
	47.80053,11.404568	
	47.7988,11.409203	
	47.79684,11.40843	
	47.790209,11.410147	
	47.78796,11.410318	
	47.785941,11.406113	
	47.785884,11.402594	
	47.781674,11.398388	
	47.780131,11.399127	
	47.777838,11.39891	
	47.775329,11.402171	
	47.76959,11.402343	
	47.767945,11.40436	
	47.765897,11.403501	
	47.764195,11.404574	
	47.763763,11.40848	
	47.76307,11.41011	
	47.757502,11.4126	
	47.756348,11.414917	
	47.75153,11.415303	
	47.749424,11.412642	
	47.74775,11.412299	
	47.745124,11.415561	
	47.744576,11.429337	
	47.742642,11.430839	
	47.741372,11.427749	
	47.739987,11.414617	
	47.741459,11.410153	
	47.741084,11.408952	
	47.737592,11.407621	
	47.734705,11.395948	
	47.732916,11.395813	
	47.731646,11.394525	
	47.731242,11.39032	
	47.732165,11.387917	
	47.731588,11.379419	
	47.729279,11.374613	
	47.719001,11.364485	
	47.714844,11.36663	
	47.711263,11.366201	
	47.708375,11.368004	
	47.703986,11.36706	
	47.700636,11.368948	
	47.678218,11.363369	
	47.670705,11.36706	
Loisach1	47.663653,11.35985	29
	47.660445,11.355865	
	47.642608,11.328435	
	47.649316,11.321568	
	47.673595,11.324573	
	47.678854,11.315389	
	47.678334,11.303802	
	47.682726,11.299767	
	47.684228,11.295905	
	47.68313,11.292729	
	47.682957,11.286035	
	47.679778,11.281314	
	47.681281,11.275134	
	47.679258,11.270671	
	47.678912,11.266294	
