Inn-Mangfall	47.860254,12.136238	61
	47.854408,12.136788	
	47.845538,12.127433	
	47.844904,12.124	
	47.846114,12.11473	
	47.845538,12.095246	
	47.843579,12.092414	
	47.84646,12.083831	
	47.84934,12.055764	
	47.846287,12.042632	
	47.848591,12.023149	
	47.854063,12.016282	
	47.854293,12.002034	
Mangfall1	47.85783,11.994385	30
	47.860858,11.988301	
	47.861376,11.983838	
	47.863507,11.980147	
	47.862874,11.975255	
	47.865926,11.971564	
	47.868747,11.955171	
	47.867941,11.946073	
	47.870071,11.937747	
	47.875541,11.928391	
	47.875656,11.923156	
	47.878304,11.919808	
	47.878362,11.915002	
	47.880492,11.910882	
