D-Mindel	48.507422,10.38684	55
	48.506256,10.387388	
	48.505118,10.389706	
	48.504095,10.390564	
	48.499574,10.390399	
	48.498521,10.389841	
	48.494739,10.390571	
	48.492748,10.389584	
	48.491554,10.388039	
	48.491212,10.386494	
	48.491724,10.384949	
	48.488496,10.38345	
Mindel1	48.48538,10.380177	31
	48.486818,10.382356	
	48.485268,10.379502	
	48.485182,10.377181	
	48.48615,10.37452	
	48.487287,10.370443	
	48.48413,10.368298	
	48.483447,10.367096	
	48.478953,10.368426	
	48.477587,10.367525	
	48.477104,10.36568	
	48.474515,10.365508	
	48.473547,10.36701	
	48.472864,10.373447	
	48.457982,10.397351	
	48.452005,10.401428	
	48.452033,10.40366	
	48.434127,10.409883	
	48.433956,10.409886	
	48.432418,10.408405	
	48.431991,10.408598	
	48.431393,10.409585	
	48.430254,10.409585	
	48.429428,10.410229	
	48.429129,10.411066	
	48.427307,10.413769	
	48.425043,10.412997	
	48.411799,10.421169	
	48.40801,10.422714	
	48.406785,10.42546	
	48.403338,10.42443	
	48.391968,10.42546	
