D-Naab	49.017045,12.03302	52
	49.016257,12.01903	
	49.023461,11.995941	
	49.026107,11.988731	
	49.031509,11.987015	
	49.038768,11.995598	
	49.044226,11.988989	
	49.045013,11.98135	
	49.041469,11.972853	
	49.044395,11.967531	
	49.052383,11.963583	
	49.057389,11.958004	
	49.063575,11.957746	
	49.07201,11.958519	
	49.075215,11.957832	
	49.077577,11.954313	
	49.080613,11.947447	
	49.08466,11.942898	
	49.095565,11.943155	
	49.099555,11.941095	
	49.104893,11.936289	
	49.108714,11.934486	
	49.114782,11.935345	
Naab1	49.11827,11.936353	32
	49.12304,11.937147	
	49.135059,11.947618	
	49.138428,11.949249	
	49.141067,11.951223	
	49.153419,11.953627	
	49.158899,11.955537	
	49.157124,11.956287	
	49.161614,11.954828	
	49.165599,11.958776	
	49.166328,11.96324	
	49.176878,11.976458	
	49.17901,11.978002	
	49.178113,11.980492	
	49.176429,11.982208	
	49.176542,11.985813	
	49.178056,11.987616	
	49.180637,11.988131	
	49.182825,11.986757	
	49.185687,11.989761	
	49.186528,12.000404	
	49.190679,12.004696	
	49.191352,12.008215	
	49.200887,12.013193	
	49.205822,12.020145	
	49.207,12.026926	
	49.207336,12.034565	
	49.211486,12.0392	
	49.214906,12.037741	
	49.221409,12.045122	
	49.220961,12.049757	
	49.222867,12.059112	
	49.223371,12.061344	
	49.227239,12.061602	
	49.228528,12.067095	
	49.231163,12.074648	
	49.232396,12.081428	
Naab2	49.234525,12.083488	33
	49.238168,12.084948	
	49.250495,12.085119	
	49.25072,12.087608	
	49.245285,12.091814	
	49.245285,12.094646	
	49.261307,12.101856	
	49.266852,12.102028	
	49.266964,12.089325	
	49.268085,12.086836	
	49.272397,12.088724	
	49.275589,12.086836	
	49.277493,12.083574	
	49.283932,12.082115	
	49.294624,12.068726	
	49.300054,12.070185	
	49.303076,12.065721	
	49.305595,12.066408	
	49.305595,12.066408	
	49.30677,12.07439	
	49.313429,12.073532	
	49.315723,12.078253	
	49.318744,12.079283	
	49.327471,12.076536	
	49.330045,12.084175	
	49.333345,12.087522	
	49.330772,12.09911	
	49.333457,12.10692	
	49.335526,12.108808	
	49.335526,12.108808	
	49.339161,12.109152	
	49.337763,12.112328	
	49.338938,12.116877	
	49.342796,12.120996	
	49.35096,12.121082	
	49.350401,12.116018	
	49.351575,12.113529	
	49.353868,12.114988	
	49.354371,12.126833	
	49.355153,12.127949	
	49.359682,12.130094	
	49.36203,12.130867	
	49.361862,12.134043	
	49.363595,12.13533	
	49.365998,12.134386	
	49.370414,12.14357	
	49.374382,12.137648	
	49.376897,12.137905	
	49.376394,12.14563	
	49.377344,12.148291	
	49.385055,12.146059	
	49.386675,12.142025	
	49.389636,12.14666	
	49.39634,12.155844	
	49.40092,12.157217	
	49.403601,12.161337	
	49.41142,12.162109	
	49.420242,12.166487	
	49.422867,12.168203	
	49.427947,12.167431	
	49.430571,12.169834	
	49.43978,12.173868	
	49.440506,12.175241	
	49.440338,12.176958	
	49.441175,12.178417	
	49.444691,12.18125	
	49.444301,12.183567	
	49.443798,12.184769	
	49.445584,12.187086	
	49.447872,12.187	
	49.454624,12.18288	
	49.457246,12.183309	
	49.458641,12.181936	
	49.464554,12.185713	
	49.469965,12.184683	
	49.474427,12.174898	
	49.482903,12.169233	
	49.491211,12.167345	
	49.501357,12.178074	
	49.504701,12.175756	
	49.506039,12.171637	
	49.514622,12.171551	
	49.515708,12.168124	
	49.517018,12.167395	
	49.520166,12.168682	
	49.529498,12.167259	
Naab3	49.535681,12.154299	34
	49.543256,12.145801	
	49.546319,12.149321	
	49.549048,12.14666	
	49.549883,12.134214	
	49.556565,12.12546	
	49.562133,12.129408	
	49.563747,12.138678	
	49.568868,12.149321	
	49.573099,12.152325	
	49.577384,12.145287	
	49.581503,12.143913	
	49.580946,12.138248	
	49.585787,12.131811	
	49.597805,12.129837	
