D-Regen	49.025853,12.103837	51
	49.033704,12.100998	
	49.036461,12.098595	
	49.045182,12.09971	
	49.046589,12.096277	
	49.049008,12.094131	
	49.055139,12.09396	
	49.057108,12.095247	
	49.067062,12.093616	
	49.078308,12.105118	
	49.082412,12.10589	
	49.082636,12.112671	
	49.082412,12.106148	
	49.077689,12.104774	
	49.067399,12.093616	
	49.056601,12.094904	
	49.055139,12.094046	
	49.048839,12.094217	
	49.045238,12.099453	
	49.047657,12.095076	
	49.053733,12.094131	
	49.05677,12.094904	
	49.067456,12.093788	
	49.078251,12.105032	
	49.082524,12.105461	
	49.082749,12.113014	
	49.08466,12.114817	
	49.086122,12.117907	
	49.087639,12.116276	
	49.091068,12.110353	
	49.093148,12.112156	
	49.097588,12.107006	
	49.100398,12.107006	
	49.101859,12.112671	
	49.106467,12.110954	
	49.110681,12.113701	
	49.11158,12.118421	
	49.11158,12.118421	
	49.117198,12.122198	
	49.118096,12.121082	
	49.123096,12.120825	
	49.124556,12.118336	
	49.126241,12.119366	
	49.128319,12.128893	
	49.131296,12.133099	
	49.131071,12.138163	
	49.132195,12.139536	
	49.133936,12.140652	
	49.13534,12.144857	
	49.138147,12.147432	
	49.144043,12.146145	
	49.14438,12.150179	
	49.147412,12.154814	
	49.149321,12.15138	
	49.151342,12.150351	
	49.15398,12.143742	
	49.157236,12.144085	
	49.161782,12.151638	
	49.167114,12.152239	
	49.168124,12.157217	
	49.171379,12.157904	
	49.174914,12.161509	
	49.181311,12.164856	
	49.183611,12.164684	
	49.184452,12.160994	
	49.187594,12.159105	
	49.19326,12.164942	
	49.193316,12.166658	
	49.195279,12.167602	
	49.201168,12.162796	
	49.202402,12.161594	
	49.207897,12.161594	
	49.21457,12.164942	
	49.216308,12.169748	
	49.220849,12.17198	
Regen1	49.222979,12.175585	35
	49.221353,12.186142	
	49.211205,12.18803	
	49.214794,12.200132	
	49.211318,12.218586	
	49.206495,12.21953	
	49.20285,12.231718	
	49.203131,12.235151	
	49.201056,12.247511	
	49.202962,12.254549	
	49.20285,12.257639	
	49.207336,12.260643	
	49.206663,12.264419	
	49.205037,12.266565	
	49.20442,12.269398	
	49.203075,12.268883	
	49.201897,12.266308	
	49.200158,12.26605	
	49.199149,12.268625	
	49.198868,12.280641	
	49.19612,12.286478	
	49.195335,12.296692	
	49.198251,12.300297	
	49.195223,12.317463	
	49.186977,12.320038	
	49.186192,12.323128	
	49.186977,12.326561	
	49.188828,12.328793	
	49.18894,12.331711	
	49.18737,12.335144	
	49.186809,12.338835	
	49.18535,12.340895	
	49.186809,12.356087	
	49.184677,12.360722	
	49.182713,12.380205	
	49.183779,12.388359	
	49.178842,12.408958	
	49.184565,12.422262	
	49.184452,12.42827	
	49.179291,12.431189	
	49.177327,12.435051	
	49.182096,12.444578	
	49.178056,12.455049	
	49.178,12.460113	
	49.179908,12.470156	
	49.176429,12.477795	
	49.182433,12.487923	
	49.181311,12.495132	
	49.182713,12.500368	
	49.185631,12.494703	
Regen2	49.190343,12.495647	36
	49.194045,12.496334	
	49.194213,12.503544	
	49.195896,12.507063	
	49.19741,12.515045	
	49.199429,12.511269	
	49.201392,12.510239	
	49.202009,12.51144	
	49.201168,12.514616	
	49.203187,12.517019	
	49.203972,12.522255	
	49.213392,12.528435	
	49.213897,12.526804	
	49.21485,12.525946	
	49.216924,12.526375	
	49.21827,12.524229	
	49.221017,12.524572	
	49.221017,12.529207	
	49.221465,12.531267	
	49.222474,12.53204	
	49.223203,12.531267	
	49.222811,12.527748	
	49.2241,12.52689	
	49.22567,12.530845	
	49.227463,12.531574	
	49.227772,12.533033	
	49.225165,12.534879	
	49.225698,12.541917	
	49.228136,12.544148	
	49.227575,12.548998	
	49.225025,12.548569	
	49.220484,12.555263	
	49.220821,12.558096	
	49.219615,12.567838	
	49.216588,12.570541	
	49.217177,12.574575	
	49.215859,12.579382	
	49.216924,12.583116	
	49.214962,12.586205	
	49.214373,12.591742	
	49.215663,12.601655	
	49.218354,12.605346	
	49.21827,12.608178	
	49.218943,12.609508	
	49.220176,12.608521	
	49.220092,12.603629	
	49.223596,12.601655	
	49.225109,12.604659	
	49.223203,12.607491	
	49.222558,12.613843	
	49.224296,12.615431	
	49.227211,12.614873	
	49.228781,12.617748	
	49.22808,12.619465	
	49.224044,12.621353	
	49.223876,12.622683	
	49.224857,12.623713	
	49.226987,12.623456	
	49.22794,12.629164	
	49.22993,12.632769	
	49.230714,12.64015	
	49.229453,12.641523	
	49.227407,12.636674	
	49.2241,12.637361	
	49.223231,12.64118	
	49.221017,12.642339	
	49.221241,12.644699	
	49.223455,12.646373	
	49.223455,12.649849	
	49.221858,12.652724	
	49.220008,12.653883	
	49.220849,12.657145	
	49.219924,12.660921	
	49.215298,12.664912	
	49.215495,12.666929	
	49.21841,12.669504	
	49.222306,12.678473	
	49.221437,12.685297	
	49.217737,12.687357	
	49.217597,12.688044	
	49.218662,12.692464	
	49.218214,12.695082	
	49.217177,12.69667	
	49.216868,12.699159	
	49.215326,12.702849	
	49.215691,12.705467	
	49.21642,12.705939	
	49.217429,12.70551	
	49.218859,12.708171	
	49.215747,12.709194	
	49.213504,12.711254	
	49.213729,12.713571	
	49.216644,12.713228	
	49.21698,12.717863	
	49.214962,12.71649	
	49.21199,12.717949	
	49.212383,12.719408	
	49.214794,12.721897	
	49.214121,12.723785	
	49.210533,12.726789	
	49.210645,12.731167	
	49.209355,12.735973	
	49.206832,12.740436	
	49.207505,12.743183	
	49.20672,12.747131	
	49.20543,12.749706	
	49.200495,12.752367	
	49.198644,12.750307	
	49.197354,12.739492	
	49.195335,12.734257	
	49.190118,12.733398	
	49.188716,12.732969	
	49.187426,12.733999	
	49.185126,12.744127	
Regen3	49.181311,12.746616	37
	49.17974,12.747818	
	49.17901,12.752453	
	49.17368,12.761379	
	49.166946,12.763868	
	49.162512,12.760693	
	49.159706,12.76198	
	49.159088,12.763954	
	49.164869,12.784811	
	49.163522,12.795368	
	49.16414,12.799488	
	49.162456,12.804037	
	49.161895,12.808243	
	49.157966,12.817427	
	49.157348,12.823091	
	49.159032,12.83116	
Regen-SchwarezRegen	49.159116,12.831835	65
	49.163129,12.830697	
	49.163466,12.832325	
	49.164196,12.831681	
	49.166132,12.832453	
	49.166918,12.834213	
	49.16992,12.837217	
	49.172726,12.837775	
	49.173455,12.83932	
	49.169668,12.844555	
	49.169948,12.845371	
	49.170397,12.844298	
	49.171267,12.845585	
	49.170509,12.846186	
	49.169443,12.84816	
	49.170537,12.846186	
	49.171267,12.845414	
	49.170425,12.844341	
	49.169948,12.845328	
	49.169639,12.844598	
	49.170565,12.843096	
	49.171379,12.842624	
	49.173455,12.839363	
	49.172473,12.837517	
	49.169836,12.837174	
	49.166918,12.834127	
	49.169906,12.837156	
	49.172978,12.8381	
	49.173427,12.83928	
	49.171239,12.84271	
	49.170397,12.843225	
	49.169639,12.844555	
	49.16992,12.845457	
	49.170369,12.844341	
	49.171267,12.845414	
	49.171099,12.845929	
	49.170537,12.846143	
	49.169443,12.848203	
	49.168854,12.848504	
	49.168714,12.849534	
	49.169415,12.850049	
	49.169836,12.850478	
	49.16877,12.852623	
	49.17006,12.855113	
	49.170958,12.855327	
	49.171632,12.857044	
	49.171604,12.85846	
	49.172333,12.859104	
	49.175672,12.857988	
	49.176093,12.858675	
	49.177159,12.862451	
	49.178702,12.86361	
	49.180132,12.863095	67
