Inn-Salzach	48.207229,12.930981	57
	48.202424,12.872101	
	48.198706,12.865492	
	48.18297,12.858711	
	48.179022,12.853046	
	48.165799,12.844549	
	48.165856,12.837082	
	48.164311,12.83485	40
Salzach1	48.158986,12.83485	
	48.152631,12.825666	
	48.15223,12.815796	
	48.146446,12.79863	
	48.144785,12.797342	
	48.13986,12.797686	
	48.124049,12.7873	
	48.122846,12.784382	
	48.123648,12.780691	
	48.127658,12.773481	
	48.128919,12.764297	
	48.12657,12.758203	
	48.122158,12.75889	
	48.119465,12.759062	
	48.11087,12.74962	
	48.086336,12.752968	
	48.078022,12.757345	
	48.070566,12.764212	
	48.018061,12.848141	
	48.008071,12.857067	
	47.968663,12.869427	
	47.963491,12.874576	
	47.959813,12.882645	
	47.957284,12.910969	
	47.95326,12.919723	
	47.950041,12.920582	
	47.942452,12.919037	
	47.939692,12.921783	
	47.938944,12.926346	
Salzach2	47.940181,12.93279	41
	47.943918,12.935536	
	47.943257,12.938111	
	47.921289,12.946674	
	47.905296,12.962982	
Salzach-Saalach	47.854178,13.001236	58
	47.832518,13.026668	
	47.821108,13.03405	
	47.808543,13.036796	
	47.80324,13.0392	
	47.791939,13.064949	
	47.784211,13.07542	
	47.768061,13.074562	68
