Salzach-Saalach	47.854207,13.001326	58
	47.848303,13.003765	
	47.844328,13.003765	
	47.842715,13.003164	
	47.828369,12.984625	
	47.798397,12.962295	
	47.790324,12.950378	
	47.786057,12.946516	
	47.785538,12.939907	
	47.784096,12.93862	
	47.778386,12.939306	
	47.775271,12.931496	
	47.773483,12.929607	
	47.767022,12.926002	
	47.748154,12.901798	
Saalach1	47.74756,12.900576	38
	47.733147,12.871414	
	47.727431,12.865492	
	47.723909,12.865835	
	47.717731,12.872873	
	47.715768,12.872787	
	47.704794,12.849956	
	47.699191,12.845579	
	47.692432,12.844549	
	47.686597,12.837082	
	47.68105,12.832361	
	47.679894,12.829872	
Saalach2	47.681917,12.821203	39
	47.685037,12.813736	
	47.68729,12.812277	
	47.686308,12.808844	
	47.688273,12.80378	
	47.688273,12.80232	
	47.681685,12.791677	
	47.679663,12.790132	
	47.677351,12.784124	
	47.66585,12.771765	
	47.667295,12.765499	
	47.666486,12.76198	
	47.663191,12.757431	
	47.66296,12.754348	
	47.66189,12.75276	
	47.655386,12.74216	
