Regen-SchwarezRegen	49.159116,12.831835	65
	49.158302,12.833476	
	49.141011,12.83648	
	49.132195,12.842917	
	49.13197,12.856307	
	49.128432,12.865233	
	49.120961,12.872701	
	49.11495,12.864718	
	49.10686,12.874074	
	49.103376,12.872615	
	49.100117,12.874675	
	49.098262,12.880254	
	49.092979,12.877164	
	49.091574,12.878709	
	49.091237,12.884974	
	49.093148,12.888408	
	49.091574,12.895017	
	49.087471,12.896476	
	49.084941,12.891154	
	49.081906,12.889352	
	49.069761,12.90935	
	49.072404,12.917247	
	49.068749,12.923341	
	49.06903,12.926602	
	49.067568,12.936215	
	49.064419,12.940421	
	49.068299,12.949262	
	49.06948,12.959218	
	49.071504,12.96926	
	49.070773,12.985225	
	49.069311,12.991576	
	49.07246,12.995009	
	49.073191,12.999816	
	49.069424,13.004022	
	49.065319,13.005652	
	49.065094,13.009429	
	49.05587,13.015094	
	49.051708,13.014922	
	49.050815,13.010836	
	49.048551,13.007746	
	49.048761,13.006588	
	49.04879,13.004592	
	49.047686,12.997252	
	49.044437,12.993518	
	49.042158,12.993475	
	49.041652,12.995462	
SchwarzrRegen1	49.04255,13.000054	42
	49.043199,13.002468	
	49.043255,13.00427	
	49.044563,13.007112	
	49.041131,13.010201	
	49.039725,13.015866	
	49.033423,13.0193	
	49.030609,13.016725	
	49.029877,13.018527	
	49.033254,13.027368	
	49.036011,13.030972	
	49.034436,13.032947	
	49.033873,13.034577	
	49.034492,13.037581	
	49.03376,13.039727	
	49.031847,13.0405	
	49.030553,13.039641	
	49.030046,13.041186	
	49.031059,13.043418	
	49.022673,13.056636	
	49.019296,13.059211	
	49.021098,13.061872	
	49.022617,13.062987	
	49.017889,13.068395	
	49.020366,13.0726	
	49.021323,13.07672	
	49.023743,13.07981	
	49.023067,13.082213	
	49.012823,13.091998	
	49.012935,13.096633	
