Alz-Traun	48.008472,12.53633	60
	48.004912,12.541051	
	48.000835,12.542939	
	47.999399,12.542596	
	47.996125,12.539248	
	47.994804,12.539163	
Traun1	47.990898,12.542853	43
	47.98636,12.54457	
	47.983775,12.543025	
	47.978604,12.547917	
	47.979408,12.551436	
	47.97441,12.553926	
	47.976019,12.55753	
	47.975674,12.55856	
	47.973203,12.558732	
	47.969698,12.55796	
	47.967342,12.561307	
	47.965847,12.562079	
	47.966939,12.567143	
	47.964411,12.57092	
	47.962284,12.570405	
	47.961594,12.571692	
	47.95987,12.576585	
