D-Vils_to_Danube	48.63305,13.192213	49
	48.631037,13.183587	
	48.629136,13.179681	
	48.627661,13.178351	
	48.626583,13.175561	
	48.625874,13.175347	
	48.622953,13.178909	
	48.621704,13.178866	
	48.619123,13.172386	
	48.61552,13.16642	
	48.613108,13.158567	
	48.611661,13.157451	
	48.611321,13.150327	
	48.611462,13.148868	
	48.610554,13.145435	
Vils1	48.61054,13.144357	44
	48.6101,13.143504	
	48.610044,13.138139	
	48.610299,13.135736	
	48.609476,13.133419	
	48.609136,13.130715	
	48.607206,13.127239	
	48.605106,13.115094	
	48.605163,13.099129	
	48.605418,13.096597	
	48.60451,13.095696	
	48.603971,13.095953	
	48.602666,13.095052	
	48.601843,13.093207	
	48.601899,13.091061	
	48.60451,13.086598	
	48.606099,13.084152	
	48.60522,13.079174	
	48.60539,13.078144	
	48.607405,13.073294	
	48.606014,13.067715	
	48.608256,13.052909	
	48.608114,13.051751	
