Lech-Wertach	48.404705,10.888381	64
	48.386354,10.886235	
	48.380597,10.884004	
	48.373784,10.877316	
	48.371988,10.876672	
	48.364119,10.878603	
	48.362751,10.878518	
	48.360099,10.877101	
	48.342616,10.856709	
	48.334001,10.854392	
	48.328979,10.849586	
	48.319335,10.849328	
	48.293359,10.836883	
	48.27194,10.805297	
	48.25977,10.795255	
	48.252284,10.78547	
	48.238509,10.779719	
	48.23525,10.775857	
	48.231362,10.767703	
	48.228504,10.761266	
	48.215065,10.74367	
	48.213979,10.739722	
	48.212949,10.733027	
	48.210547,10.728736	
	48.207172,10.726161	
	48.174672,10.730796	
	48.169978,10.728049	
	48.167001,10.722213	
	48.165799,10.711741	
	48.162536,10.703502	
	48.130867,10.679212	
	48.125023,10.670285	
	48.110125,10.664535	
	48.096713,10.667453	
	48.093674,10.673032	
	48.09098,10.673718	
	48.088973,10.67183	
	48.087597,10.667882	
	48.082781,10.663247	
	48.077391,10.656896	
	48.070509,10.653119	
Wertach1	48.06311,10.651917	45
	48.043488,10.644279	
	48.039012,10.644193	
	48.036257,10.645652	
	48.031953,10.652862	
	48.029313,10.654492	
	47.986705,10.644693	
	47.98389,10.645823	
	47.982971,10.645308	
	47.981304,10.642648	
	47.96987,10.636811	
	47.970272,10.632777	
	47.966077,10.631232	
	47.964238,10.633464	
	47.961709,10.634236	
	47.951018,10.628228	
	47.948489,10.627713	
	47.946821,10.629687	
	47.945499,10.629687	
	47.943429,10.624194	
	47.941014,10.621619	
	47.940554,10.620074	
	47.940267,10.614495	
	47.939289,10.613294	
	47.938254,10.61295	
	47.934747,10.613894	
	47.931929,10.608315	
	47.929514,10.605483	
	47.928421,10.600848	
	47.92566,10.59999	
	47.920426,10.603681	
	47.918643,10.603595	
	47.910359,10.612006	
	47.909381,10.612006	
	47.907137,10.60926	
	47.903685,10.609517	
	47.897528,10.618615	
	47.893097,10.617242	
	47.889701,10.618358	
	47.887514,10.62325	
	47.891428,10.630031	
	47.889068,10.63252	
	47.882679,10.627713	
	47.881355,10.627542	
	47.878477,10.634751	
	47.872374,10.638785	
	47.869783,10.638356	
	47.868574,10.637584	
	47.86057,10.642734	
	47.85723,10.641875	
	47.855963,10.638614	
	47.845999,10.650287	
	47.839604,10.651317	
	47.837473,10.65269	
	47.83367,10.648398	
	47.829579,10.645566	
	47.826237,10.648141	
Wertach2	47.82641,10.642734	46
	47.825142,10.639987	
	47.821339,10.639644	
	47.820878,10.6387	
	47.821166,10.634494	
	47.820013,10.633035	
	47.81765,10.633206	
	47.814999,10.624709	
	47.813212,10.623679	
	47.809581,10.629001	
	47.807563,10.629344	
	47.805718,10.627627	
	47.804738,10.622392	
	47.801741,10.618272	
	47.800933,10.613637	
	47.79857,10.615697	
	47.797705,10.615611	
	47.796667,10.609775	
	47.794649,10.6078	
