D-Wornitz	48.715799,10.783503	54
	48.716705,10.77316	
	48.719508,10.771308	
	48.72132,10.774484	
	48.723132,10.773625	
	48.728454,10.765815	
	48.728341,10.763633	
	48.729558,10.762389	
	48.729445,10.761058	
	48.731342,10.757926	
	48.731823,10.749085	
	48.731059,10.746295	
	48.7282,10.750158	
	48.728454,10.748055	
	48.728171,10.747411	
	48.72735,10.747454	
	48.726812,10.747025	
	48.723557,10.740287	
	48.725171,10.740073	
	48.725595,10.740931	
	48.726444,10.74033	
	48.72384,10.735352	
	48.722311,10.735567	
	48.720216,10.732777	
	48.719168,10.728657	
	48.719565,10.724838	
	48.720358,10.723293	
	48.723217,10.723078	
	48.724321,10.720289	
	48.729417,10.722563	
	48.734908,10.719209	
	48.740286,10.718865	
	48.741305,10.720582	
	48.742663,10.717664	
	48.744474,10.718093	
	48.74555,10.716033	
	48.746512,10.71732	
	48.745776,10.718951	
	48.745833,10.722041	
	48.747474,10.723414	
	48.748436,10.724187	
	48.753699,10.719638	
	48.753812,10.718179	
	48.755397,10.717235	
	48.755679,10.716033	
	48.758452,10.715089	
	48.760093,10.718179	
	48.76592,10.725818	
	48.77022,10.72041	
	48.770559,10.716548	
	48.769824,10.716205	
	48.768523,10.717063	
	48.767335,10.71466	
	48.764789,10.713801	
	48.765242,10.713029	
	48.764902,10.711312	
	48.764336,10.711312	
	48.764336,10.709424	
	48.769089,10.706763	
	48.769371,10.705218	
	48.774462,10.702128	
	48.776386,10.70333	
Wornitz1	48.783173,10.69243	47
	48.784784,10.690548	
	48.787923,10.691278	
	48.789393,10.69557	
	48.793069,10.696514	
	48.794058,10.694282	
	48.7942,10.684755	
	48.79191,10.678875	
	48.792984,10.678489	
	48.792051,10.676558	
	48.79075,10.671108	
	48.791599,10.66643	
	48.79256,10.666945	
	48.795952,10.663848	
	48.798666,10.66299	
	48.803189,10.655179	
	48.806411,10.650201	
	48.807033,10.646768	
	48.80839,10.644536	
	48.807429,10.643249	
